0.155652 0.822085 0.661994 0.304491 -0.021739 0.535200 0.612791 -0.008705 0.641624 -0.433371 0.688036 -0.416071 0.519793 0.245701 -0.507081 -0.632108 -0.639285 -0.996275 -0.861247 -1.065163 0.288533 0.583956 0.450533 0.171990 -0.247197 0.633340 0.371706 0.903332 0.818117 0.192358 -0.357207 0.884744 0.001287 -0.631044 0.274861 -0.642979 -0.076926 -0.370630 -0.259924 0.179292 0.599589 0.287628 -0.707842 -0.556731 -0.367636 0.010283 -0.502300 -0.118309 -0.407462 0.451584
-0.598452 -0.566786 -0.239750 0.840795 -0.807576 -1.419827 0.425678 -1.586578 0.015716 0.878892 0.285751 -1.631770 1.086755 1.295212 -0.940579 0.282454 0.735172 -1.192905 -0.928121 1.465559 0.675316 -0.150135 -0.358921 -1.065608 -0.684657 -0.094612 0.434918 -0.637881 1.096247 -0.410327 -1.232506 0.852710 -1.001122 0.358596 -0.542514 0.457790 1.032859 0.612796 0.788372 0.525904 -0.792419 0.355781 -0.842205 0.081756 -0.944446 -0.142338 0.965046 1.298121 -0.738656 1.083881
0.264444 0.325062 -0.369728 0.362698 -0.760178 -0.884917 0.626816 -0.835518 1.125103 1.130739 0.164893 -1.029245 1.138600 0.961071 -0.546755 0.727184 0.461777 -1.343888 -1.004514 0.800839 0.764375 0.278161 0.310023 -0.925773 -0.961767 0.280610 0.607765 0.157761 1.318744 -0.096015 -1.379143 0.762644 -1.082818 -0.422537 0.023434 -0.291939 0.383663 -0.750215 -0.355466 -1.040402 0.415391 -0.200049 0.205785 -0.675979 -0.515086 0.114385 0.873549 -0.104075 -0.135234 0.162338
0.159352 0.186329 -0.282953 0.386621 -0.270580 -0.374283 -0.565351 -0.575508 0.536954 0.481639 0.806313 -0.784390 0.811108 0.800718 -0.795789 -0.217531 0.114270 -0.997544 -0.446175 0.404538 0.328337 1.004189 0.677317 -0.086321 -0.835115 0.600051 0.010579 -0.072091 1.014268 -0.721842 -0.656878 0.777174 -0.253658 -0.573793 -0.131970 -0.238932 -0.404952 0.205729 -0.711473 -0.182950 0.309990 0.034566 -0.090809 -0.681709 -0.455814 0.479656 0.136182 -0.019053 -0.210965 0.789586
0.163310 0.188954 -0.313661 0.368487 -0.300230 -0.363406 -0.550061 -0.551359 0.580278 0.553927 0.794040 -0.775745 0.843454 0.830619 -0.781253 -0.268427 0.139510 -1.030374 -0.437856 0.447535 0.372255 1.054777 0.649419 -0.098127 -0.868345 0.600946 0.018859 -0.106073 1.045337 -0.694030 -0.690333 0.831670 -0.262178 -0.585177 -0.110214 -0.259874 -0.426865 0.229204 -0.754352 -0.145205 0.309640 0.060288 -0.090042 -0.704281 -0.446049 0.483678 0.147011 -0.043663 -0.242267 0.802673
0.157135 0.207294 -0.286908 0.378641 -0.285042 -0.347308 -0.541352 -0.559046 0.557288 0.482478 0.803485 -0.770498 0.817444 0.752570 -0.757332 -0.225191 0.127595 -0.968523 -0.426473 0.381825 0.363071 1.000388 0.656508 -0.085383 -0.823883 0.588797 0.074531 -0.064414 1.000731 -0.696105 -0.645050 0.769881 -0.216207 -0.559309 -0.094764 -0.246567 -0.410545 0.198443 -0.712212 -0.149288 0.305049 0.054160 -0.119940 -0.685848 -0.481411 0.437689 0.132353 -0.050069 -0.221825 0.779020
0.229187 1.434982 -1.134290 -0.025422 0.313351 -1.078475 -0.015305 -0.172170 0.339193 -0.814454 1.297053 0.796885 -0.119073 0.070645 -0.334641 -0.010265 -0.654406 -0.183951 -0.235834 -0.300968 -0.849766 -0.082207 1.821344 -1.021240 0.201247 1.348143 -0.433762 1.594467 0.332044 -1.290474 0.985283 0.123750 0.279335 -0.087238 -0.038129 -0.106500 0.123143 -0.617967 -1.048015 0.234775 -0.026974 -0.514794 0.206817 -0.312505 -0.086727 0.732340 -0.153402 -0.276662 -0.065271 1.329479
0.465398 1.153798 -0.375361 0.348980 -0.066636 0.025883 -0.234946 -0.563664 1.132560 0.203696 -0.434046 -0.426060 0.278307 0.280026 -0.460101 -1.009858 0.029780 -0.285413 -0.178070 -0.582385 0.037500 0.461089 0.358839 0.352976 -0.115030 0.329387 1.019979 -0.163860 0.667570 -0.548167 -0.344230 0.641051 0.039021 -1.109510 0.445123 -0.367768 -0.035501 -0.107706 -1.252018 0.767557 0.432871 -0.049689 0.385395 -0.506142 0.457633 -0.264052 -0.323644 -0.792419 -0.844016 0.614832
0.444888 0.867292 1.236844 0.520675 1.008687 -1.341612 -1.128507 -0.192025 -0.018648 -0.838187 -1.217188 -0.330728 -1.126662 0.949468 -0.354232 -0.981750 -0.872831 -1.002075 -0.436990 -1.150254 -1.322618 0.919583 0.282223 0.741171 0.438177 0.311304 -1.029875 1.119891 0.309537 -1.180468 -0.845907 0.322748 -1.338164 -0.529736 -1.235184 -0.039661 -0.465682 -0.730289 0.061996 -1.224450 0.136720 -0.842832 0.181133 -0.197463 1.104201 0.466868 -0.156293 1.327376 -0.272963 -0.046298
0.322862 0.512284 -0.605854 0.128051 -0.177596 0.233423 -1.185693 -0.402800 0.333580 -1.261943 0.369761 -1.306058 0.305922 0.035242 -0.706116 0.279743 -1.179877 -0.997033 -0.612905 -0.092064 -1.261729 0.370076 1.135467 0.690242 0.004845 1.000663 0.164601 -0.188646 0.714432 -0.077434 1.256434 0.185876 -0.216779 -0.553080 0.455643 -0.392056 0.787750 -0.160062 -0.154680 -1.361752 0.802558 -0.532015 0.230610 -0.431392 0.194511 0.429304 -1.123374 -0.488581 -0.465446 0.510698
1.082381 0.535137 0.875321 1.145263 -0.146858 0.758149 0.842346 -1.180793 -0.685571 -0.632611 1.433407 -1.170363 -0.401405 0.908561 -0.863687 0.649416 0.419869 0.696712 -1.173783 -0.506529 -0.868820 -0.535510 0.961259 0.806741 -1.079510 0.656068 0.303844 -0.912377 -0.531776 -0.823095 0.349564 0.800134 0.802150 -0.641686 -0.839753 0.523158 0.985768 1.143148 -0.471720 1.014715 0.346303 -0.006162 -0.755307 0.496329 0.371186 0.682852 -1.112525 1.023117 -0.399951 0.649132
1.058325 0.183436 -0.267022 0.140787 -0.127402 0.161797 -0.047771 -0.025514 0.039776 1.094310 1.390083 0.897632 0.155194 0.037025 -0.352993 -0.608453 -1.154228 -0.044463 -0.104300 -0.011402 -0.129780 0.876708 0.420212 1.482982 0.749175 -0.015763 0.351639 0.310168 0.496213 -0.133197 -1.321330 0.216450 -0.183207 -0.549006 -0.136007 -0.786841 0.293520 0.911760 -0.116451 -0.172824 0.219321 0.047141 0.335448 -1.276142 0.119892 0.579897 -1.028429 -0.746925 0.221469 1.070056
1.149889 0.549792 1.143333 0.414562 0.164090 0.235800 0.096540 -0.204843 0.370755 0.752262 -0.046962 -0.080374 0.411030 0.135711 -0.652099 -0.357701 -1.299997 -0.470493 -0.363262 0.273468 0.680336 0.487881 0.621376 0.175757 0.996783 0.618144 -0.652134 -0.254132 0.477005 0.155690 -0.193640 0.675248 0.730967 -0.487373 0.478502 -1.051379 -0.245945 0.110974 -0.569812 0.722934 0.423263 -0.827726 0.499686 -0.568659 -0.861728 0.912333 -0.588212 -0.871433 -0.284288 0.255910
-0.050329 0.336669 1.017879 0.257753 0.013089 0.477931 -0.124093 -0.244709 0.659792 -0.557020 0.950532 -0.477993 0.680499 -0.985338 -0.473380 -0.247826 -0.283491 -0.026130 -0.132355 -1.340146 0.855143 0.669714 0.076621 0.373285 -0.094994 0.212365 0.990849 1.162706 0.477034 -0.110685 -0.259118 0.030381 0.544353 -0.431222 0.407768 -0.291722 -0.822076 -0.513274 0.005031 -0.154093 0.293122 0.252273 -0.901697 -0.834326 -1.098230 -0.738323 -0.307037 -0.071357 -0.030996 0.161058
0.062015 0.503627 0.883021 0.289776 0.350059 0.450159 -0.544781 -0.506542 0.523043 -0.202197 0.904566 -0.477262 0.569037 -0.329085 -0.695980 -0.212904 -0.018743 -0.046153 -0.083275 -0.842807 0.590780 0.705346 0.351098 0.492456 0.015366 0.377292 0.960615 0.958758 0.628270 -0.497330 -0.580682 0.078784 0.457212 -0.673793 0.285948 -0.497356 -0.641500 -0.304922 -0.194519 0.032427 0.610078 0.091553 -0.340246 -0.784357 -0.793341 -0.541307 -0.330760 -0.443629 0.020410 0.550412
0.051618 0.514600 0.906124 0.292318 0.333793 0.419295 -0.581971 -0.523948 0.526890 -0.189719 0.910359 -0.541053 0.548983 -0.323632 -0.705215 -0.175171 -0.033570 -0.064580 -0.064550 -0.825630 0.576139 0.698749 0.378273 0.432945 -0.071824 0.386510 0.932249 0.980553 0.652482 -0.514010 -0.561256 0.100977 0.427364 -0.668490 0.291756 -0.484444 -0.732674 -0.283644 -0.190099 0.029690 0.589641 0.049462 -0.286967 -0.774263 -0.840778 -0.641831 -0.315023 -0.408646 0.030797 0.542594
0.469994 0.140331 0.235621 -0.072213 1.011067 0.640570 0.824863 0.193959 0.605857 -1.341900 1.007336 0.932338 1.200475 0.905389 -0.635003 -0.337622 0.940808 -0.824864 -1.035047 0.193431 -0.261438 0.353078 0.252717 0.419998 1.112088 0.765548 -0.251610 -0.233211 0.368335 0.812241 -1.193155 0.917575 0.256486 -0.518262 0.047332 -0.661876 -0.335128 -0.286988 -0.588442 -0.130762 0.598959 0.156375 0.543757 -0.495893 0.654778 0.252014 -0.213376 -0.942179 -0.746042 0.301762
0.113668 0.358451 0.992195 0.328045 0.437851 0.628606 0.091937 -0.053291 0.314299 -1.039258 1.067909 -0.050990 0.903762 0.165068 -0.565996 0.089890 0.065641 -0.525400 -0.400019 -0.689286 0.671122 0.691448 0.179427 0.658559 0.685937 0.857949 0.660961 0.865424 0.798470 -0.277557 -1.014111 0.656564 0.285190 -0.580471 0.249610 -0.830185 -0.227908 -0.275635 -0.545727 0.399469 0.584886 0.342649 0.021386 -0.638017 -0.259752 -0.012091 0.046695 -0.602971 0.141777 0.560626
0.153812 0.634503 0.798202 0.212658 0.179023 0.629453 0.646098 0.037601 0.642835 -0.675864 0.913729 -0.159305 0.756083 0.272492 -0.544504 -0.525835 -0.417099 -0.835342 -0.899180 -0.914854 0.337888 0.580415 0.377127 0.219275 0.085124 0.627803 0.233360 0.861448 0.727997 0.296074 -0.458068 0.940979 0.069160 -0.602810 0.276067 -0.599013 -0.177992 -0.381388 -0.297604 0.164495 0.614437 0.200244 -0.264414 -0.615070 -0.186682 -0.031565 -0.465129 -0.269778 -0.357509 0.480840
-0.041421 0.530259 0.760003 0.378405 0.237330 0.246262 -0.608043 -0.610454 0.551873 -0.211933 0.808186 -0.674338 0.579158 -0.241977 -0.687704 -0.178020 0.098670 -0.123983 -0.101899 -0.815427 0.580937 0.707533 0.411663 0.340167 -0.193882 0.372494 1.017805 0.846407 0.729709 -0.667008 -0.579781 0.107974 0.332874 -0.620807 0.233897 -0.437821 -0.729018 -0.253409 -0.246485 0.028299 0.569627 0.121467 -0.225809 -0.721739 -0.834338 -0.633127 -0.173570 -0.443803 0.027761 0.565617
-0.024720 0.584468 0.813541 0.377037 0.312158 0.311003 -0.657496 -0.607255 0.556894 -0.263595 0.798878 -0.637304 0.548457 -0.294445 -0.709255 -0.194007 0.087035 -0.059623 -0.070189 -0.896881 0.558659 0.697046 0.421222 0.407842 -0.116158 0.374152 1.011996 0.922078 0.711717 -0.628778 -0.558390 0.105778 0.391788 -0.672369 0.256773 -0.464190 -0.749173 -0.271681 -0.258859 0.069186 0.616610 0.099800 -0.195404 -0.724411 -0.818069 -0.681618 -0.222170 -0.487341 0.027343 0.572636
-0.069154 0.595507 1.075199 0.360048 0.489499 0.411619 -0.566435 -0.649763 0.512638 -0.364097 0.957436 -0.644394 0.570660 -0.208937 -0.809764 -0.172356 0.121686 -0.094457 0.046837 -0.877182 0.546331 0.687160 0.408173 0.409753 -0.060376 0.323707 1.089915 0.964285 0.545885 -0.828437 -0.500402 0.087180 0.365114 -0.629016 0.183938 -0.567362 -0.806940 -0.330224 -0.101002 -0.007470 0.649417 -0.008943 -0.132277 -0.605921 -0.908465 -0.469028 -0.283078 -0.522341 0.143751 0.588016
0.149634 0.496414 1.172357 -0.919788 -0.073143 0.909536 0.029607 0.705948 0.988268 0.818077 1.105969 0.504196 -0.127085 0.588861 -0.347917 -0.005073 -0.861254 -0.151617 0.667962 0.316640 -0.446083 0.762715 0.264709 -0.993882 -1.158958 0.265691 0.035032 0.017204 0.583774 0.307036 0.585866 1.285087 -1.123840 -0.212239 0.340394 -0.905167 -0.767717 0.705691 -1.000408 0.178943 0.505080 -0.449875 0.085472 -0.428021 0.639559 -0.988408 -0.813585 -0.161198 -0.809989 0.258996
0.414939 -0.001799 0.318543 -0.200905 0.192932 1.345380 -1.041318 -0.120231 0.104204 1.393874 0.725059 0.022120 0.141461 1.038661 -0.335403 -1.157789 0.562537 -0.416220 -0.175708 0.111456 1.276464 0.776476 -0.034933 0.102255 -0.208769 0.386367 0.205368 1.370178 0.222425 0.927776 1.124469 0.317375 0.212650 -0.371660 -0.294518 -0.100766 0.443667 -0.882878 -1.166665 -0.170708 1.385278 0.171761 0.018229 -0.025499 1.213008 0.362061 -0.283013 -0.201596 0.002300 1.049770
0.398377 0.538236 -0.180472 -0.027881 0.974369 1.167735 -0.153976 -0.066258 0.344996 0.547846 0.817136 -0.050164 0.051716 -0.129533 -0.504689 -1.055437 -0.384651 -0.447413 -0.105424 0.320453 0.112912 1.093654 0.277604 0.256418 -1.287845 0.551348 -0.486717 0.309472 0.490440 -0.244804 -0.675698 0.439078 0.002338 -0.619174 0.663597 -0.380658 0.673913 -0.915766 -0.412747 0.628710 1.123147 -0.883338 0.594043 -0.459585 -0.096289 -0.255638 -0.436483 0.339464 -0.445883 0.462984
0.494295 0.526522 -0.377918 -1.173117 0.360419 1.086256 0.075276 -0.207323 0.665385 1.132552 -0.366147 -0.845892 0.452914 0.425413 -0.831800 -0.277366 0.405044 -0.451436 -0.493063 0.173327 -0.626475 0.213312 0.328597 0.244965 -0.367454 0.817918 -0.107924 1.455960 0.408898 -0.194187 -0.829911 0.677141 0.697610 -0.314102 0.586367 -0.225024 -0.841520 -0.008207 -0.153555 0.179374 0.584052 -0.542009 -0.113997 -0.804904 0.599294 0.033051 -1.296103 -0.154887 -0.366909 0.617323
