-0.219455 -0.465503 -0.196927 -0.440971 0.245098 0.211075 0.499084 0.530155 -0.129509 -0.531355 -0.269171 0.709693 0.080616 0.052655 0.390487 0.209017 0.654549 0.207169 0.042931 0.302785 -0.299560 -0.461698 -0.404032 -0.117538 0.502415 -0.234109 -0.329229 -0.505464 -0.494785 0.714424 -0.012260 -0.126269 0.100470 0.375718 -0.000249 0.132208 -0.214040 0.072447 0.193061 -0.127662 -0.234515 0.220971 0.189129 0.331030 0.490797 -0.085391 0.159973 -0.244159 -0.081043 -0.528533
-0.177301 -0.401255 -0.155817 0.144649 -0.195669 -0.162956 0.240383 -0.148666 -0.574862 -0.140782 -0.264811 -0.166304 -0.308887 0.119705 0.243943 0.353119 0.372930 0.367332 -0.057297 0.241532 -0.198609 -0.635705 -0.250494 -0.099171 -0.048677 -0.282522 -0.119287 -0.532725 -0.512330 0.096236 0.374583 -0.241880 0.060455 0.397139 -0.336235 0.533564 0.499107 0.318173 0.394023 0.178027 -0.396670 0.176341 -0.233513 0.613309 0.177811 0.115160 0.165704 0.512158 0.051559 -0.174934
-0.442933 -0.514930 -0.270511 -0.034531 -0.213862 -0.454746 0.285103 0.006052 -0.381981 0.116328 -0.638937 0.040885 -0.173809 -0.135762 0.404927 0.263500 0.238462 0.207242 0.181949 0.424205 0.084480 -0.596774 -0.592851 -0.374097 0.176875 -0.539542 -0.067866 -0.399798 -0.318288 0.259775 0.015569 -0.382293 -0.242005 0.564118 -0.104521 0.390976 0.412950 0.090183 0.671445 0.107178 -0.585008 0.153429 -0.087050 0.487997 -0.089363 -0.196892 0.509702 0.375484 0.079495 -0.331082
-0.181334 -0.265173 0.011166 -0.004212 0.083171 -0.349231 -0.082155 0.175849 -0.497780 -0.271982 -0.748043 0.135815 -0.607780 -0.040456 0.442408 0.076652 0.066771 0.287407 0.171917 -0.087036 -0.365120 -0.390612 -0.328480 0.054604 0.232456 -0.357168 -0.384872 -0.169931 -0.536487 0.021483 0.261105 -0.414097 -0.167401 0.355103 -0.367078 0.403747 0.133746 -0.006429 0.408523 -0.190968 -0.363364 -0.007666 -0.005693 0.504856 0.383459 0.087722 0.201086 0.472126 0.172403 -0.454892
-0.280504 -0.050899 -0.662905 -0.166642 -0.037775 -0.483763 0.134768 0.228131 -0.390401 -0.299723 -0.175786 0.540754 -0.412687 -0.272034 0.495078 0.261491 0.062560 0.442572 0.269237 0.099324 -0.280049 -0.619444 0.112408 -0.488436 0.252573 -0.066300 -0.323815 0.122779 -0.509058 -0.102089 0.725640 -0.516172 0.164839 0.504139 -0.110489 0.390948 0.219746 -0.097936 0.103206 0.111718 -0.461491 0.033334 0.046433 0.464113 0.090546 0.192558 0.304007 0.084853 0.262974 -0.083369
-0.705731 -0.075889 0.836804 0.079000 -0.163565 0.346580 0.415668 0.368284 0.070407 -0.926100 0.269722 -0.090889 0.238314 -1.031214 0.337017 0.115109 -0.197366 0.265458 0.088460 -1.352227 0.683970 -0.034151 -0.393892 0.090279 0.058543 -0.326508 0.700522 0.762681 -0.036279 0.283714 0.037602 -0.339321 0.312981 0.147735 0.315330 -0.031281 -0.599986 -0.323954 0.624647 -0.055195 -0.150042 0.676083 -0.858103 -0.108928 -0.923875 -0.763019 0.151319 0.015870 0.398063 -0.488916
-0.355029 -0.428794 -0.342263 -0.002310 -0.381712 -0.601640 0.502338 -0.102072 -0.132988 0.345783 -0.682801 -0.106694 0.012292 -0.002239 0.380872 0.500621 0.328090 -0.001678 -0.018002 0.544499 0.230534 -0.637488 -0.550915 -0.576937 0.006053 -0.521977 0.080155 -0.345105 -0.107892 0.323539 -0.228979 -0.291504 -0.464474 0.493751 -0.067837 0.333250 0.520668 -0.146579 0.606021 -0.191528 -0.471376 0.087807 0.009399 0.378751 -0.142065 -0.192854 0.696242 0.290462 0.113220 -0.431409
-0.379397 -0.320772 0.192166 -0.682740 -0.175437 0.216073 0.297891 0.754169 0.019094 0.087038 -0.220731 0.580709 -0.370996 -0.167870 0.536183 0.397041 -0.086805 0.458975 0.665175 0.243953 -0.362475 -0.314447 -0.396692 -0.599253 -0.261151 -0.442312 -0.187799 -0.461137 -0.393019 0.473162 0.520170 -0.008980 -0.418164 0.487836 0.132711 0.003959 -0.418654 0.457466 0.103041 -0.013582 -0.347011 0.042023 0.007787 0.317689 0.342900 -0.556029 0.001307 0.004823 -0.062649 -0.616823
-0.163054 -0.477668 -0.214316 -0.253903 -0.025533 0.327829 -0.214995 0.243968 -0.434210 0.265961 -0.372575 0.260542 -0.300499 0.118488 0.437772 -0.089904 0.496668 0.299627 0.189254 0.196683 0.255312 -0.348498 -0.417320 -0.053791 0.178995 -0.291563 -0.159009 0.055697 -0.541078 0.637702 0.794826 -0.407178 0.173864 0.364825 -0.215796 0.383635 0.288539 -0.203691 0.035366 -0.144644 0.044353 0.232874 0.005507 0.531768 0.629201 0.148418 0.163497 0.065959 0.236226 -0.177534
-0.185788 -0.304572 -0.573731 -0.942087 0.033261 0.365982 0.283775 0.355459 -0.120384 0.399739 -1.046045 -0.068606 -0.167878 -0.183491 0.300298 0.258969 0.529920 0.337345 0.170328 0.258920 -0.535575 -0.604930 -0.394588 -0.059134 0.074215 -0.170962 -0.312377 0.260985 -0.508505 0.258045 -0.088984 -0.265691 0.428894 0.459586 0.260200 0.335431 -0.497782 0.169432 0.475806 0.003664 -0.298385 -0.064108 -0.056594 0.160975 0.476459 -0.084257 -0.314023 0.025500 0.120732 -0.450010
-0.056612 -0.283655 -0.034671 0.107624 -0.091219 0.002029 0.297137 0.031644 -0.624687 -0.285759 -0.274484 0.052564 -0.532279 -0.105886 0.379127 0.371716 0.236040 0.644334 0.075237 -0.023720 -0.329088 -0.666160 -0.187240 0.069500 -0.013346 -0.298990 -0.165640 -0.521589 -0.719289 0.041420 0.468507 -0.354377 0.225060 0.335828 -0.290363 0.492878 0.368380 0.325594 0.316302 0.238093 -0.352430 0.110340 -0.154526 0.629238 0.234849 0.115706 0.018196 0.416531 0.164316 -0.360293
-0.394632 -0.323547 0.235253 -0.636098 -0.175399 0.216445 0.318724 0.755351 0.022643 0.011652 -0.164388 0.593612 -0.340366 -0.203501 0.537551 0.380066 -0.097866 0.447503 0.640241 0.179799 -0.307518 -0.297027 -0.405175 -0.583580 -0.240690 -0.447336 -0.158043 -0.444528 -0.383411 0.498221 0.521485 -0.016552 -0.409604 0.476714 0.129310 -0.000473 -0.411369 0.420844 0.114034 -0.026303 -0.342859 0.079472 -0.027871 0.309572 0.293691 -0.570021 0.024999 0.008514 -0.055992 -0.623758
-0.368360 -0.327928 0.178935 -0.675317 -0.152660 0.220771 0.309558 0.746668 0.017296 0.057061 -0.215070 0.594608 -0.346870 -0.152379 0.523628 0.386425 -0.050241 0.443097 0.635917 0.251968 -0.362328 -0.319013 -0.398244 -0.582644 -0.227192 -0.429317 -0.196066 -0.467830 -0.394996 0.492284 0.499831 -0.007181 -0.399496 0.478825 0.126543 0.005699 -0.411433 0.441604 0.101799 -0.019854 -0.338260 0.049240 0.018159 0.318755 0.356300 -0.539793 0.006438 -0.007608 -0.070600 -0.613433
-0.191698 -0.488360 -0.284680 -0.197476 -0.100728 0.266745 -0.285522 0.279868 -0.502558 0.432926 -0.338383 0.404327 -0.373730 0.047062 0.570047 -0.143773 0.489498 0.407414 0.306574 0.164630 0.523224 -0.355707 -0.422129 -0.148687 0.194737 -0.352550 -0.125339 0.188964 -0.597350 0.635161 0.983443 -0.550592 0.230204 0.406426 -0.247968 0.426625 0.342592 -0.311982 -0.073269 -0.083504 0.049771 0.303982 0.019094 0.597310 0.569740 0.211574 0.336725 0.013462 0.406352 -0.141661
-0.289371 0.017370 -0.766306 -0.200457 -0.027586 -0.555011 0.215317 0.287869 -0.357137 -0.302195 -0.107226 0.704180 -0.422695 -0.351738 0.550766 0.286946 0.046346 0.514490 0.324133 0.077893 -0.261953 -0.652610 0.183597 -0.599362 0.262195 -0.039013 -0.352369 0.203144 -0.526967 -0.182020 0.735590 -0.554737 0.230994 0.528481 -0.067505 0.378900 0.147350 -0.129896 0.033651 0.196286 -0.511165 0.027140 0.080767 0.441038 0.013994 0.215943 0.361516 0.007459 0.315669 -0.073387
0.006007 -0.562913 -0.517522 -0.084306 -0.197090 -0.137322 -0.149559 0.323583 -0.532587 0.501814 0.079201 0.752330 -0.318828 -0.476576 0.532850 0.050360 -0.184214 0.615336 0.542569 0.176100 0.045328 -0.040020 -0.359085 0.628759 0.419781 -0.655422 0.074517 -0.270893 -0.386843 0.086624 -0.343717 -0.700786 -0.041584 0.276744 -0.163738 0.086573 0.150300 0.493898 0.437213 -0.226470 -0.361815 0.290292 0.200295 -0.094953 0.015383 0.126838 0.066187 -0.217983 0.632795 -0.127391
-0.402069 -0.317755 0.252721 -0.635612 -0.199012 0.209939 0.311443 0.761943 0.024431 0.031137 -0.162855 0.583266 -0.359705 -0.223431 0.545580 0.387122 -0.136516 0.457852 0.663794 0.165296 -0.300718 -0.291459 -0.406451 -0.599113 -0.271090 -0.458083 -0.147300 -0.438228 -0.377788 0.485027 0.545270 -0.018686 -0.428924 0.480051 0.134124 -0.002865 -0.414040 0.432126 0.117090 -0.022150 -0.350620 0.077105 -0.042783 0.309796 0.274833 -0.587941 0.024142 0.024241 -0.047515 -0.630321
-0.449231 -0.521940 -0.261510 -0.047663 -0.197074 -0.440372 0.263501 0.021716 -0.401323 0.096682 -0.644242 0.056906 -0.192119 -0.154757 0.417347 0.239815 0.223020 0.226475 0.205244 0.410775 0.072430 -0.597417 -0.600887 -0.360367 0.195629 -0.546333 -0.082599 -0.399538 -0.335051 0.270111 0.037924 -0.395357 -0.227216 0.578660 -0.098654 0.393047 0.395754 0.105939 0.674137 0.126555 -0.591539 0.156631 -0.086234 0.501359 -0.080658 -0.200478 0.494270 0.376117 0.084975 -0.335918
-0.568986 -0.239352 0.394363 0.050012 -0.024773 -0.041310 -0.574520 -0.144962 -0.063006 -0.034861 0.058261 -0.165837 -0.122526 -1.192178 0.228278 0.154847 0.147175 0.926785 0.681009 -0.748024 0.472206 -0.061878 -0.265658 0.133251 -0.147612 -0.730054 0.803341 0.354571 -0.326519 -0.235902 0.146563 -1.057746 0.443291 0.162118 0.133540 0.259938 -0.824681 -0.085984 0.718713 -0.354200 -0.194630 0.278890 -0.465411 -0.117766 -1.041789 -0.943668 0.104354 -0.095036 0.529508 -0.389900
-0.376865 -0.312510 -0.152779 0.086941 -0.001012 -0.784010 -0.088348 -0.037280 -0.485271 -0.208564 -0.731283 -0.004439 -0.458448 0.104302 0.327892 0.065332 0.069947 0.047300 0.097519 0.163685 -0.309171 -0.415676 -0.343698 -0.246427 0.251237 -0.343190 -0.391978 -0.129643 -0.319760 -0.125844 0.110800 -0.343093 -0.388475 0.492089 -0.440384 0.469819 0.273885 0.020651 0.570943 -0.109336 -0.597015 0.014683 -0.113724 0.503108 0.172359 0.059348 0.433707 0.676594 0.053384 -0.208332
-0.535112 -0.459558 0.245275 -0.212628 -0.374716 0.084290 0.440791 0.565200 -0.097406 -0.483593 -0.178106 0.247866 -0.107193 -1.118258 0.657383 0.212867 -0.186229 0.542714 0.359224 -0.694567 0.338008 -0.328673 -0.615769 -0.158443 -0.015483 -0.617393 0.181014 0.139114 -0.501997 0.547724 0.474768 -0.554731 0.176532 0.528718 0.194235 0.349206 -0.382329 -0.131207 0.626099 -0.237744 -0.554080 0.419796 -0.722636 0.152861 -0.496200 -0.555658 0.189907 0.323532 0.265660 -0.820932
-0.281311 -0.435233 -0.602623 -0.200166 -0.262557 0.080447 -0.398184 0.211494 -0.348748 -0.536671 -0.567794 -0.282386 -0.194494 -0.379346 0.379823 0.421435 -0.202440 0.093444 0.162060 0.216142 -0.483792 -0.448895 -0.129471 0.180040 0.213466 -0.179322 -0.080435 -0.596030 -0.338366 0.457665 0.962575 -0.548782 -0.001447 0.333857 0.201486 0.242107 0.483038 0.039589 0.458852 -0.637831 -0.097944 0.018320 0.114051 0.386880 0.189760 0.069543 -0.114107 -0.144520 0.125431 -0.445471
-0.188968 -0.269722 -0.026950 -0.207030 0.147124 -0.299253 -0.161754 0.290512 -0.400040 -0.174292 -1.019532 0.120400 -0.600532 -0.045682 0.458435 0.011702 0.089691 0.193408 0.204908 -0.104384 -0.441725 -0.326266 -0.402672 0.108722 0.281359 -0.365229 -0.460443 -0.010320 -0.507338 0.061389 0.116465 -0.419169 -0.181354 0.349377 -0.305036 0.363884 -0.109244 -0.086776 0.446477 -0.354673 -0.330824 -0.068003 0.046883 0.408308 0.493238 0.068698 0.144730 0.413656 0.188669 -0.565822
-0.189551 -0.304451 -0.601282 -0.088480 0.560485 0.448006 0.066753 0.390772 -0.435264 0.153258 -0.327616 0.399770 -0.468856 -0.728403 0.516586 -0.357096 -0.074123 0.350876 0.460540 0.448698 0.060756 0.092292 -0.430034 0.092111 -0.651546 -0.342646 -0.701572 -0.532423 -0.448725 0.056507 -0.215215 -0.559237 0.090459 0.208839 0.420529 0.239472 0.657175 -0.579766 0.389521 0.429213 0.127331 -0.441963 0.551416 0.352683 -0.202582 -0.183523 0.327082 0.424599 0.184584 -0.576588
-0.443777 -0.520316 -0.287254 -0.020925 -0.243673 -0.456107 0.318799 -0.018647 -0.379819 0.128641 -0.602258 0.021638 -0.145545 -0.119135 0.386858 0.296742 0.261458 0.209140 0.161248 0.453316 0.097133 -0.620258 -0.583192 -0.400020 0.162316 -0.528474 -0.041304 -0.419810 -0.313007 0.258334 0.027175 -0.367106 -0.231807 0.567873 -0.111341 0.397684 0.443330 0.109678 0.670147 0.127283 -0.590693 0.168458 -0.107614 0.491152 -0.105860 -0.193187 0.514773 0.373257 0.062593 -0.310310
0.015215 -0.562345 -0.502894 -0.068796 -0.208276 -0.222599 -0.122357 0.323890 -0.501740 0.451642 0.041827 0.734415 -0.262332 -0.389295 0.497129 0.076033 -0.176182 0.516757 0.490480 0.218249 0.011485 -0.024217 -0.337322 0.599421 0.470053 -0.607700 0.017605 -0.329790 -0.334883 0.062639 -0.416071 -0.610309 -0.082001 0.268454 -0.190226 0.061913 0.094053 0.540940 0.408236 -0.236405 -0.406449 0.290097 0.203026 -0.105681 0.018343 0.194283 0.104670 -0.217775 0.591509 -0.137144
-0.369266 -0.678249 -0.672710 0.170399 -0.503691 -0.737565 -0.327500 -0.091028 -0.190655 0.505249 -0.159678 -0.247785 0.328550 0.262724 0.147440 0.285526 0.442593 -0.281083 0.165829 0.814506 0.445758 0.187435 -0.175620 -0.304576 -0.410302 -0.255359 -0.253621 -0.738098 0.179805 -0.249488 -0.358527 -0.104712 -0.265670 0.258120 -0.241768 0.282130 -0.175624 0.345399 0.060207 -0.232119 -0.452956 0.310972 -0.025520 0.062207 -0.451358 0.387281 0.846310 0.175168 0.317089 -0.112173
0.009868 0.139377 -0.350360 0.159980 0.016006 -0.498710 -0.171170 -0.062631 -0.563815 -0.913152 -0.237144 -0.090205 -0.710969 -0.035910 0.225143 0.409163 -0.287314 0.288572 -0.083267 -0.193086 -1.016813 -0.589955 0.414501 0.019986 0.140733 0.157578 -0.413346 -0.142479 -0.526184 -0.370910 0.970522 -0.388720 -0.015845 0.257256 -0.382514 0.463900 0.547505 0.042899 0.194153 -0.306276 -0.279100 -0.219475 -0.024251 0.542281 0.399857 0.414737 -0.169383 0.472754 0.076644 -0.094401
-0.161133 -0.284217 0.012843 -0.035546 0.165313 -0.479909 -0.177111 0.341538 -0.425698 -0.152365 -0.900717 0.345312 -0.647586 -0.157251 0.541775 -0.028472 -0.051011 0.236699 0.325303 -0.117443 -0.308722 -0.167710 -0.430597 0.176683 0.278751 -0.487126 -0.462645 -0.148974 -0.467335 -0.040287 -0.114516 -0.500122 -0.339681 0.292178 -0.354910 0.286581 -0.071158 -0.113193 0.432251 -0.392600 -0.361130 -0.064565 0.177454 0.343682 0.331196 0.065515 0.345737 0.393236 0.310144 -0.637321
0.182261 -0.298066 0.236412 0.105223 -0.038896 -0.145875 0.120848 0.247231 -0.328396 0.375748 -0.963387 0.209051 -0.187457 -0.402831 0.364640 0.096092 -0.477318 0.269140 0.311489 0.479725 0.460978 -0.324222 -0.224024 -0.179729 0.661178 -0.255416 -0.744903 -0.835563 -0.408534 0.326541 0.298247 -0.316558 0.527156 0.318161 0.286601 -0.118776 -0.037279 0.079779 0.174851 0.504085 -0.322080 -0.356700 0.385532 0.353673 -0.593856 0.485832 0.270398 -0.301914 0.193200 -0.650048
0.212957 -0.316457 0.299846 0.084176 -0.059031 -0.187371 0.178369 0.254889 -0.297648 0.334802 -0.954873 0.249713 -0.130371 -0.332127 0.353905 0.195581 -0.406567 0.247811 0.250247 0.485824 0.444002 -0.383663 -0.206541 -0.217464 0.773997 -0.245566 -0.735727 -0.830555 -0.415151 0.409207 0.296589 -0.297250 0.522684 0.336454 0.237283 -0.141824 -0.118837 0.091026 0.170569 0.376996 -0.332989 -0.328745 0.378514 0.344495 -0.561397 0.517063 0.278755 -0.375115 0.199886 -0.686112
-0.042163 -0.210435 -0.190186 0.065160 -0.105738 -0.001517 0.370373 0.103612 -0.606516 -0.259078 -0.141296 0.232254 -0.536756 -0.169196 0.454829 0.416190 0.288857 0.750882 0.122240 -0.045121 -0.267398 -0.713021 -0.060182 -0.041004 -0.040047 -0.235942 -0.177594 -0.417024 -0.772757 -0.014385 0.583775 -0.410521 0.365306 0.352533 -0.257216 0.503232 0.303797 0.278656 0.154780 0.318648 -0.350295 0.141202 -0.121250 0.628513 0.196932 0.191907 0.080273 0.289276 0.260323 -0.323943
-0.214991 -0.615869 -0.323687 -0.147774 -0.077401 0.254417 -0.479111 0.284227 -0.506658 0.520146 -0.257130 0.389312 -0.279204 -0.062180 0.536147 -0.141281 0.458005 0.395923 0.463616 0.265463 0.595622 -0.086493 -0.505540 0.089048 0.111923 -0.435319 -0.065687 0.011340 -0.467175 0.458297 0.555063 -0.602968 0.140982 0.322746 -0.197820 0.329186 0.239432 -0.197657 -0.023900 -0.145298 0.058623 0.316705 0.130059 0.412818 0.395163 0.151506 0.424031 -0.034920 0.521618 -0.171307
-0.440150 -0.680659 -0.308094 0.060914 -0.239783 -0.481034 -0.074226 0.029639 -0.477295 0.169956 -0.393163 0.072575 -0.044538 -0.145157 0.339564 0.251357 0.270888 0.227588 0.340134 0.503977 0.253133 -0.284337 -0.500226 -0.151827 0.183202 -0.483364 -0.130155 -0.565102 -0.244702 0.024940 -0.114045 -0.413552 -0.077026 0.495272 -0.167840 0.326404 0.100555 0.346164 0.516734 0.124918 -0.607298 0.282420 -0.076962 0.336006 -0.299113 0.012995 0.590491 0.234310 0.274630 -0.237733
-0.397309 -0.310022 0.239705 -0.660199 -0.206051 0.218494 0.304043 0.755220 0.026796 0.073866 -0.196673 0.552693 -0.368598 -0.227662 0.539154 0.389579 -0.141024 0.461299 0.667914 0.168410 -0.316316 -0.297039 -0.405017 -0.597146 -0.293432 -0.452425 -0.148754 -0.406791 -0.376498 0.467000 0.539924 -0.021048 -0.414874 0.481611 0.146060 0.003877 -0.428750 0.438938 0.126675 -0.015768 -0.352691 0.062961 -0.049783 0.301583 0.280907 -0.587270 0.002212 0.032991 -0.041606 -0.626409
-0.167225 -0.395204 -0.064513 0.228988 -0.216554 -0.206197 0.352707 -0.210729 -0.634176 -0.151968 -0.238485 -0.201533 -0.361481 0.084991 0.237431 0.406495 0.345053 0.465033 -0.055335 0.214672 -0.221115 -0.694408 -0.268491 -0.090465 -0.098731 -0.328016 -0.095444 -0.631961 -0.555608 0.000013 0.287283 -0.229612 0.070162 0.407185 -0.367566 0.564964 0.534272 0.436804 0.465378 0.330963 -0.487837 0.175323 -0.294450 0.649220 0.086615 0.075480 0.159317 0.620974 0.042673 -0.191797
-0.026412 -0.302596 -0.063070 0.085146 -0.113127 0.114940 0.274117 0.063721 -0.621426 -0.274106 -0.250804 0.048397 -0.515320 -0.114015 0.392919 0.388767 0.275614 0.667001 0.073742 -0.029888 -0.302077 -0.660281 -0.172936 0.117908 -0.041808 -0.288211 -0.142354 -0.551446 -0.745767 0.107207 0.548991 -0.367778 0.289776 0.307621 -0.263364 0.489179 0.363246 0.313747 0.258466 0.192663 -0.279457 0.134989 -0.135785 0.632626 0.273869 0.147675 -0.013575 0.340355 0.195674 -0.389019
-0.173203 -0.393020 -0.067891 0.226081 -0.211236 -0.222242 0.341499 -0.207564 -0.631505 -0.154378 -0.249226 -0.196957 -0.363846 0.086248 0.238562 0.397676 0.338447 0.454263 -0.052121 0.214147 -0.223967 -0.688339 -0.269279 -0.095547 -0.089684 -0.327515 -0.103209 -0.618870 -0.549500 -0.004334 0.284402 -0.232174 0.059143 0.410293 -0.370255 0.563634 0.529141 0.427223 0.468234 0.321650 -0.491796 0.171666 -0.291088 0.646391 0.088246 0.075808 0.166348 0.623684 0.042076 -0.189500
-0.174316 -0.237770 0.066855 -0.003650 0.146532 -0.402100 -0.055742 0.226683 -0.446315 -0.232537 -0.867673 0.195276 -0.644774 -0.089517 0.478625 0.024748 0.003868 0.246029 0.208469 -0.114486 -0.342619 -0.330315 -0.399784 0.061781 0.234281 -0.417486 -0.418362 -0.146980 -0.496353 0.008056 0.073827 -0.428355 -0.268536 0.329315 -0.344903 0.355180 0.091793 -0.111641 0.450419 -0.237165 -0.357047 -0.076628 0.073091 0.462320 0.354958 0.029728 0.269596 0.492127 0.183477 -0.559550
-0.152910 -0.335631 -0.043560 -0.020224 0.127917 -0.525450 -0.189688 0.325640 -0.387227 -0.156286 -0.822467 0.349763 -0.514201 -0.083082 0.501617 0.031036 0.038417 0.168635 0.288337 -0.012775 -0.255959 -0.132894 -0.386491 0.147667 0.305881 -0.443319 -0.473052 -0.241445 -0.411446 -0.029865 -0.165451 -0.457992 -0.315282 0.281220 -0.364871 0.258607 -0.146747 -0.072883 0.363186 -0.443402 -0.367551 -0.023988 0.197806 0.300088 0.280433 0.147842 0.409015 0.298203 0.316345 -0.615606
-0.359344 -0.579072 -0.203840 0.057047 -0.203763 -0.443446 0.091012 0.027266 -0.433759 0.183804 -0.692204 0.045132 -0.094990 -0.162154 0.353348 0.165257 0.130427 0.215746 0.281275 0.543887 0.241108 -0.455357 -0.512666 -0.303571 0.315695 -0.476863 -0.280225 -0.694989 -0.323598 0.196774 0.078876 -0.357121 0.029176 0.523017 -0.028398 0.293792 0.189150 0.267809 0.512969 0.326124 -0.625290 0.120213 -0.015010 0.473212 -0.312762 0.045571 0.520085 0.199205 0.106220 -0.338714
-0.194394 -0.261287 -0.005078 -0.032015 0.252121 -0.400904 -0.143704 0.334650 -0.431933 -0.184029 -0.923114 0.306628 -0.665588 -0.208190 0.533932 -0.094372 -0.059719 0.221518 0.321689 -0.080144 -0.301401 -0.164053 -0.451024 0.123617 0.171395 -0.461876 -0.530982 -0.173786 -0.475697 -0.036006 -0.095156 -0.492530 -0.314931 0.297240 -0.276063 0.306576 0.028519 -0.217315 0.459725 -0.271800 -0.318492 -0.142145 0.202605 0.396131 0.287257 0.010582 0.354893 0.475992 0.246824 -0.653199
-0.306307 -0.428279 -0.676509 -0.189045 -0.287672 0.031397 -0.424798 0.199809 -0.327651 -0.595824 -0.555021 -0.304949 -0.165532 -0.425142 0.367669 0.456291 -0.276959 0.055165 0.165031 0.240898 -0.519828 -0.448711 -0.097541 0.164850 0.226083 -0.159479 -0.069670 -0.631942 -0.291489 0.437472 0.995855 -0.565526 -0.029977 0.339749 0.251859 0.217810 0.520086 0.042912 0.486488 -0.664260 -0.116303 -0.004087 0.132205 0.361038 0.126557 0.069132 -0.118107 -0.177483 0.104996 -0.430658
-0.535542 -0.415681 0.500284 0.123916 0.183738 0.091697 -0.575795 -0.001473 -0.309077 -0.540114 0.187675 0.023290 0.158260 -0.771352 0.199625 0.521003 0.494560 0.662908 0.665958 -0.429268 0.690046 0.052376 -0.412061 0.390727 0.418123 -0.253789 0.738662 0.312161 -0.116433 -0.378351 -0.351616 -0.754683 0.423955 0.137121 0.092660 -0.033459 -0.551069 -0.078030 0.301562 0.005763 -0.108285 0.441351 -0.083472 -0.034956 -0.694973 -0.559275 0.564078 -0.310890 0.761952 -0.247696
-0.304993 -0.348104 -0.421340 0.009528 -0.459604 -0.632474 0.597647 -0.128122 -0.018409 0.413910 -0.729737 -0.124305 0.056769 -0.000800 0.392216 0.565619 0.369535 -0.013150 -0.054400 0.551196 0.275924 -0.667197 -0.527766 -0.632901 -0.034157 -0.520527 0.197224 -0.361479 -0.071028 0.333443 -0.266222 -0.272224 -0.501349 0.430961 -0.013934 0.293131 0.563018 -0.232731 0.518264 -0.245087 -0.427506 0.070043 0.076947 0.341798 -0.138812 -0.202325 0.750015 0.192119 0.102967 -0.461061
-0.028414 -0.336180 -0.070077 0.061547 -0.119112 0.170289 0.204420 0.068621 -0.613799 -0.258283 -0.278003 0.003542 -0.490804 -0.081604 0.385191 0.369180 0.295175 0.620205 0.060020 -0.011779 -0.287103 -0.634754 -0.192936 0.151978 -0.032110 -0.284472 -0.134052 -0.546115 -0.730650 0.177166 0.596339 -0.367709 0.280193 0.300216 -0.258515 0.484680 0.374834 0.288288 0.251847 0.113694 -0.227115 0.144706 -0.129346 0.629525 0.329402 0.158104 -0.034481 0.314898 0.188328 -0.387357
-0.158925 -0.411542 -0.050977 0.234757 -0.228896 -0.164993 0.390662 -0.214181 -0.639578 -0.123496 -0.218867 -0.203593 -0.348538 0.080455 0.235939 0.417289 0.375308 0.491714 -0.056477 0.224007 -0.189213 -0.705135 -0.286994 -0.082677 -0.122759 -0.343824 -0.073624 -0.667587 -0.567823 0.018620 0.269666 -0.221152 0.096642 0.402782 -0.359078 0.567953 0.538521 0.461399 0.463341 0.370163 -0.483677 0.193362 -0.304015 0.655848 0.072645 0.065019 0.158943 0.615332 0.045393 -0.200973
-0.287145 0.007408 -0.759423 -0.200304 -0.030364 -0.536408 0.210166 0.292399 -0.362819 -0.282136 -0.111607 0.705135 -0.425021 -0.346699 0.560832 0.281122 0.062955 0.520617 0.327091 0.077013 -0.239793 -0.649486 0.174065 -0.591740 0.258947 -0.048375 -0.346984 0.205437 -0.535104 -0.165105 0.742505 -0.560481 0.235741 0.527773 -0.072306 0.382080 0.148369 -0.133711 0.026434 0.195116 -0.500184 0.037242 0.079964 0.446838 0.024550 0.211735 0.367563 0.003499 0.328089 -0.078077
-0.116617 -0.505296 -0.217295 -0.182176 0.324818 -0.039528 0.450837 0.425105 -0.178549 -0.586880 -0.346344 0.787272 0.160671 -0.018461 0.391442 0.225810 0.681081 0.167138 -0.001740 0.380784 -0.110945 -0.415516 -0.392615 -0.014670 0.723559 -0.269967 -0.395242 -0.709137 -0.470591 0.649407 -0.264461 -0.280541 0.156538 0.304235 -0.040702 0.085835 -0.155641 -0.083449 0.219636 -0.219985 -0.241427 0.167519 0.381680 0.304323 0.237977 0.081196 0.417510 -0.361079 0.044019 -0.634981
-0.289200 0.007379 -0.759382 -0.199792 -0.029243 -0.540235 0.209695 0.291550 -0.361885 -0.284104 -0.112679 0.703007 -0.425945 -0.345991 0.562808 0.282557 0.060836 0.518843 0.325990 0.077964 -0.242470 -0.649883 0.174464 -0.592206 0.260286 -0.048137 -0.348055 0.205394 -0.534357 -0.167381 0.738688 -0.561537 0.232015 0.530778 -0.072878 0.381898 0.148184 -0.132256 0.029675 0.194656 -0.502853 0.036228 0.079547 0.445365 0.022859 0.210419 0.368781 0.005175 0.326548 -0.077137
-0.231440 -0.464863 -0.327842 0.010392 -0.331259 -0.594969 0.463112 0.003672 -0.099314 0.314053 -0.688518 0.029577 0.090310 0.012081 0.407867 0.569088 0.393447 -0.012483 -0.011308 0.599348 0.279957 -0.537844 -0.472430 -0.498884 0.089645 -0.475811 -0.073923 -0.510712 -0.133427 0.348518 -0.314588 -0.306020 -0.355380 0.425579 -0.067869 0.242968 0.298309 -0.172077 0.449940 -0.347644 -0.403300 0.055771 0.167353 0.314683 -0.181790 -0.006708 0.771305 0.082650 0.215222 -0.590677
-0.168712 -0.415970 -0.049456 0.237483 -0.230195 -0.179936 0.389734 -0.223625 -0.643443 -0.124157 -0.217157 -0.209166 -0.344475 0.086184 0.228593 0.414907 0.373648 0.484686 -0.057937 0.232588 -0.190717 -0.708607 -0.291005 -0.092005 -0.115409 -0.344986 -0.073898 -0.665800 -0.561538 0.014129 0.266761 -0.217378 0.089774 0.412126 -0.363887 0.571325 0.543625 0.470501 0.475169 0.380454 -0.497422 0.195551 -0.313598 0.658028 0.066474 0.060214 0.161526 0.627822 0.036126 -0.187331
-0.338092 -0.409074 -0.368502 0.004027 -0.418421 -0.624966 0.547508 -0.121899 -0.090983 0.389752 -0.662251 -0.122203 0.048027 0.012309 0.369103 0.542155 0.348850 -0.026371 -0.042529 0.571895 0.260386 -0.633480 -0.535937 -0.613922 -0.025700 -0.513997 0.122696 -0.339057 -0.078115 0.320642 -0.268813 -0.277064 -0.493877 0.476626 -0.056195 0.309493 0.538605 -0.190648 0.584890 -0.236082 -0.451485 0.076017 0.030060 0.348114 -0.165933 -0.190519 0.726916 0.267040 0.112890 -0.426140
-0.127139 0.278769 -0.893348 0.052378 -0.341553 -0.305969 0.063083 0.056313 0.349639 0.072130 -1.526525 0.138092 -0.339075 -0.355766 0.620385 -0.466966 0.318061 0.528364 0.476908 -0.261042 -0.006010 -0.493683 -0.470276 0.079099 0.217018 -0.563781 0.626902 -0.917131 -0.345771 -0.048335 0.217974 -0.323857 0.089358 -0.232837 0.357062 0.272501 0.164238 0.042238 -0.467647 0.699798 -0.404450 0.230695 0.424186 0.368092 0.535363 -0.303601 0.345462 -0.554601 -0.289572 -0.443476
